0 1 2 3 4 5 6 7 8 9 10 11 12 13 14 15 16 17 18 19 20 21 22 23 24 25 26 27 28 29 30 31 32 33 34 35 36 37 38 39 40 41 42 43 44 45 46 47 48 49 50 51 52 53 54 55 56 57 58 59 60 61 62 63
0   2   4   6   8   10   12   14   16   18   20   22   24   26   28   30   32   34   36   38   40   42   44   46   48   50   52   54   56   58   60   62
0     3     6     9     12     15     18     21     24     27     30     33     36     39     42     45     48     51     54     57     60     63
0         5         10         15         20         25         30         35         40         45         50         55         60
0             7             14             21             28             35             42             49             56             63
0                      11                      22                      33                      44                      55
0                            13                            26                            39                            52
0                                        17                                        34                                        51
0                                              19                                              38                                              57
0                                                          23                                                          46
0                                                                            29                                                                            58
0                                                                                  31                                                                                  62
0                                                                                                    37
0                                                                                                                41
0                                                                                                                      43
0                                                                                                                                  47
0                                                                                                                                                    53
0                                                                                                                                                                      59
0                                                                                                                                                                            61
